    4   88   84   94   93
    2   83  100
    4   70   67   65   74
    3   58   60   51
    2   98   91
    5   91   75   83   83   76
    2   53   63
    2   70   76
    4   66   78   62   61
    3   74   90   86
    4   93   90   89   83
    2   92   76
    5   97   89   83   86   96
    2   86   96
    2   81   95
    4   49   58   46   61
    2   70   83
    5   84   67   75   99   89
    5   77   64   65   93   78
    4   55   58   61   57
    2   93   96
    2   63   75
    2   86   71
    3   84   69   87
    5   54   56   50   49   58
    3   76   67   78
    5   51   57   48   46   59
    3   77   73   83
    3   53   55   58
    3   64   54   49
    3   75   90   89
    4   83   82   71   94
    4   87   75   95   70
    4   98   96   83   91
    3   73   77   66
    2   75   63
    3   81   75   81
    4   50   62   56   53
    5   56   59   72   60   49
    5   67   82   67   83   55
    5   87   73   94   78   91
    4   77   71   77   81
    3   62   79   54
    3   82   71   85
    5   86   70   82   99   72
    3   61   66   68
    5   64   77   68   53   49
    3   88   74   81
    4   62   60   50   46
    5   83   79   88   92   87
    3   85   81  100
    4   71   57   69   78
    5   99   82   88   82   84
    5   56   67   71   66   65
    4   52   50   59   61
    3   83   90   85
    5   57   48   74   54   48
    3  100   96   93
    4   69   78   82   65
    4   73   88   81   67
    2   52   58
    3   81   94   69
    3   75   86   80
    4   77   78   76   84
    3   73   79   76
    3   96   98   93
    2   95   79
    3   70   68   87
    4   94   87   79   94
    5   67   52   70   63   62
    2   93   81
    3   66   55   52
    5   57   64   53   61   65
    5   95   97   89   80  100
    3   77   88   68
    2   58   52
    4   63   54   47   70
    2   82   95
    5   57   52   51   60   71
    3   71   55   70
    5   49   56   46   66   55
    2   74   77
    4   67   83   83   83
    4   99   98   98   96
    2   62   55
    2   72   88
    5   56   73   54   54   67
    4   65   55   70   48
    4   48   50   58   51
    2   84   88
    3   52   46   55
    4   67   69   58   68
    5   79   76   69   86   79
